image_width: 1280
image_height: 960
camera_name: narrow_stereo
camera_matrix:
  rows: 3
  cols: 3
  data: [1424.8389,    0.     ,  6.336798832725547e+02,
            0.     , 1.427786221069065e+03,  4.630422934230704e+02,
            0.     ,    0.     ,    1.     ]
distortion_model: plumb_bob
distortion_coefficients:
  rows: 1
  cols: 5
  data: [0.0178, 0.3214, 0.0096, -7.3269e-05, 0.0755]
rectification_matrix:
  rows: 3
  cols: 3
  data: [1., 0., 0.,
         0., 1., 0.,
         0., 0., 1.]
projection_matrix:
  rows: 3
  cols: 4
  data: [1034.14948,    0.     ,  979.77487,    0.     ,
            0.     , 1039.31411,  749.06397,    0.     ,
            0.     ,    0.     ,    1.     ,    0.     ]