image_width: 1936
image_height: 1464
camera_name: narrow_stereo
camera_matrix:
  rows: 3
  cols: 3
  data: [1061.50107,    0.     ,  983.55443,
            0.     , 1064.43554,  746.57173,
            0.     ,    0.     ,    1.     ]
distortion_model: plumb_bob
distortion_coefficients:
  rows: 1
  cols: 5
  data: [-0.104240, 0.061915, 0.001476, -0.000779, 0.000000]
rectification_matrix:
  rows: 3
  cols: 3
  data: [1., 0., 0.,
         0., 1., 0.,
         0., 0., 1.]
projection_matrix:
  rows: 3
  cols: 4
  data: [1034.14948,    0.     ,  979.77487,    0.     ,
            0.     , 1039.31411,  749.06397,    0.     ,
            0.     ,    0.     ,    1.     ,    0.     ]