camera_name: my_camera
image_width: 640
image_height: 480
camera_matrix:
  rows: 3
  cols: 3
  data: [504.91982554, 0.0, 307.64225515,
         0.0, 502.85295558, 235.03780835,
         0.0, 0.0, 1.0]
distortion_model: plumb_bob
distortion_coefficients:
  rows: 1
  cols: 5
  data: [-0.0602143, -0.10371222, -0.00804944, -0.03077242, 0.53175216]
rectification_matrix:
  rows: 3
  cols: 3
  data: [1.0, 0.0, 0.0,
         0.0, 1.0, 0.0,
         0.0, 0.0, 1.0]
projection_matrix:
  rows: 3
  cols: 4
  data: [504.91982554, 0.0, 307.64225515, 0.0,
         0.0, 502.85295558, 235.03780835, 0.0,
         0.0, 0.0, 1.0, 0.0]