camera_name: my_camera
image_width: 640
image_height: 480
camera_matrix:
  rows: 3
  cols: 3
  data: [478.54720499, 0.0, 331.89025576,
         0.0, 478.23953383, 257.34755925,
         0.0, 0.0, 1.0]
distortion_model: plumb_bob
distortion_coefficients:
  rows: 1
  cols: 5
  data: [0.04776251, -0.17139481, 0.00194125, 0.00161106, 0.05056932]
rectification_matrix:
  rows: 3
  cols: 3
  data: [1.0, 0.0, 0.0,
         0.0, 1.0, 0.0,
         0.0, 0.0, 1.0]
projection_matrix:
  rows: 3
  cols: 4
  data: [478.54720499, 0.0, 331.89025576, 0.0,
         0.0, 478.23953383, 257.34755925, 0.0,
         0.0, 0.0, 1.0, 0.0]
