camera_name: my_camera
image_width: 480
image_height: 640
camera_matrix:
  rows: 3
  cols: 3
  data: [504.91987375, 0.0, 307.64225198, 0.0, 502.85299788, 235.03780813, 0.0, 0.0,
    1.0]
distortion_model: plumb_bob
distortion_coefficients:
  rows: 1
  cols: 5
  data: [-0.06021432, -0.10371221, -0.00804944, -0.03077243, 0.53175243]
rectification_matrix:
  rows: 3
  cols: 3
  data: [1.0, 0.0, 0.0, 0.0, 1.0, 0.0, 0.0, 0.0, 1.0]
projection_matrix:
  rows: 3
  cols: 4
  data: [504.91987375, 0.0, 307.64225198, 0.0, 0.0, 502.85299788, 235.03780813, 0.0,
    0.0, 0.0, 1.0, 0.0]
